4294967279,85
4294967279,84
4294967279,83
4294967279,82
4294967279,81
4294967279,80
4294967279,79
4294967279,78
4294967279,77
4294967279,76
4294967278,271
4294967279,113
4294967279,112
4294967279,111
4294967279,110
4294967279,109
4294967279,108
4294967279,107
4294967279,106
4294967279,105
4294967279,104
4294967279,103
4294967279,102
4294967279,101
4294967279,100
4294967279,99
4294967279,98
4294967279,97
4294967279,96
4294967279,95
4294967279,94
4294967279,93
4294967279,92
4294967279,91
4294967279,90
4294967279,89
4294967279,87
4294967279,86
4294967279,271
4294967278,270
4294967278,43
4294967278,42
4294967278,41
4294967278,40
4294967278,39
4294967278,38
4294967278,37
4294967278,36
4294967278,35
4294967278,34
4294967278,33
4294967278,32
4294967278,31
4294967278,30
4294967278,29
4294967278,28
4294967278,27
4294967278,26
4294967278,25
4294967278,24
4294967278,23
4294967278,22
4294967278,21
4294967278,20
4294967278,19
4294967278,18
4294967278,17
4294967278,16
4294967278,15
4294967278,14
4294967278,13
4294967278,12
4294967278,11
4294967278,10
4294967278,9
4294967278,8
4294967278,7
4294967278,6
4294967278,5
4294967278,4
4294967279,132
4294967279,131
4294967279,130
4294967279,129
4294967279,128
4294967279,257
4294967279,127
4294967279,126
4294967279,125
4294967279,124
4294967279,123
4294967279,122
4294967279,121
4294967279,120
4294967279,119
4294967279,118
4294967279,117
4294967279,241
4294967279,116
4294967279,115
4294967279,114
4294967279,293
4294967279,44
4294967279,43
4294967279,42
4294967279,40
4294967279,39
4294967279,38
4294967279,36
4294967279,34
4294967278,269
4294967294,30
4294967294,243
4294967294,242
4294967294,240
4294967294,239
4294967294,234
4294967294,223
4294967294,197
4294967294,195
4294967294,194
4294967294,193
4294967294,192
4294967294,60
4294967294,14
4294967294,20
4294967294,13
4294967279,267
4294967278,282
4294967279,285
4294967278,265
4294967278,264
4294967279,265
4294967279,283
4294967279,263
4294967278,261
4294967278,259
4294967294,263
4294967294,262
4294967294,261
4294967294,260
4294967294,259
4294967294,257
4294967294,256
4294967294,220
4294967294,219
4294967294,218
4294967294,213
4294967294,212
4294967294,211
4294967294,209
4294967294,208
4294967294,206
4294967294,204
4294967294,203
4294967294,201
4294967294,200
4294967294,159
4294967294,422
4294967294,401
4294967294,190
4294967294,185
4294967294,182
4294967294,173
4294967294,163
4294967294,162
4294967294,161
4294967279,436
4294967279,259
4294967279,279
4294967279,435
4294967278,253
4294967279,434
4294967278,365
4294967278,249
4294967278,248
4294967278,247
4294967278,245
4294967278,243
4294967278,241
46,4
46,3
46,2
46,1
4294967294,221
4294967278,239
4294967278,238
4294967278,235
4294967278,237
4294967278,364
4294967278,236
45,6
4294967294,176
4294967294,207
4294967294,170
4294967294,258
4294967294,215
4294967278,231
4294967278,233
4294967278,234
4294967278,232
45,5
4294967278,229
45,4
4294967278,227
45,3
45,2
45,1
4294967278,226
4294967278,225
4294967278,221
44,5
4294967278,217
44,4
44,3
44,2
44,1
4294967278,215
4294967278,214
43,4
4294967278,213
43,3
43,2
43,1
4294967294,437
4294967278,363
4294967278,212
4294967278,210
4294967278,211
4294967278,362
4294967278,309
42,5
4294967278,209
42,4
4294967278,208
42,3
42,2
42,1
4294967278,361
4294967278,0
4294967294,396
4294967294,395
4294967294,413
4294967294,178
4294967294,252
4294967294,385
4294967294,179
4294967294,403
4294967294,168
4294967294,384
4294967294,113
4294967294,458
4294967294,408
4294967294,118
4294967278,207
4294967279,433
4294967278,206
4294967278,205
41,4
41,3
41,2
41,1
4294967279,432
4294967278,204
4294967278,203
40,4
4294967278,202
40,3
40,2
40,1
4294967278,308
4294967278,201
4294967294,264
4294967278,199
39,6
4294967279,431
4294967278,197
39,5
4294967278,195
39,4
39,3
39,2
39,1
4294967279,430
4294967279,0
4294967278,194
4294967294,1422
4294967278,193
38,4
4294967278,192
38,3
38,2
38,1
4294967278,191
4294967278,189
4294967278,190
4294967278,303
37,5
4294967294,392
4294967294,388
4294967278,188
37,4
4294967278,187
37,3
37,2
37,1
4294967294,249
4294967294,250
4294967278,186
4294967279,297
4294967279,32
4294967279,31
4294967279,30
4294967279,28
4294967279,27
4294967279,26
4294967279,25
4294967279,24
4294967279,23
4294967279,22
4294967279,18
4294967279,16
4294967279,14
4294967279,13
4294967279,11
4294967279,10
4294967294,1420
4294967294,469
4294967294,89
4294967278,180
4294967278,171
4294967294,186
4294967294,441
4294967294,470
4294967278,168
4294967278,163
4294967278,160
4294967294,393
4294967294,389
4294967294,114
4294967294,115
4294967294,120
4294967294,2
4294967294,1
4294967294,387
4294967294,46
4294967294,202
4294967294,253
2,2
4294967294,40
4294967294,37
4294967294,39
4294967294,76
4294967294,42
4294967294,43
4294967294,425
4294967294,45
4294967294,107
4294967294,92
